$ANSIBLE_VAULT;1.1;AES256
64303931646632646365663237353334316365373461383734666665633166316333303663313566
3238316439613732366263613564646166323530313039630a323135646530643565373261383965
35633131653937386230386661373865343661313734373730353538333539373662373238373762
6138333535646434660a363862363036313237633531326530643936346661646435373438653433
65333463623531633732383632333032333065356337323462306661343832613035336637373333
31656164343530623736356239333132353637303564613538346665613132383363373637343031
34303033613431313936336237393631306663303136353736663766663664373737633266386665
34323830333761366235623830326539356364616666626132393831303563373966663336663162
36356130646662316230343164636161653935376334313236666338303434653530363862623333
64363138633633643166623739306665306439666239313964333636633834376334633165363936
65626439393930383532643134343036316462393233616562356164643763393036663536396665
36656438303934626364333066373330353636323331333461633437623632633437643637363139
63656334666163626433383039643762313836393230313734643064613763616666373835646238
35316332323437396138663136346438393363663430363266373938666138376637613262343037
30373638333936353365363965303632616136336133303262323130323765653663393437303364
66393837356335653832663730363733353133646234383838316563303134613362333831653134
38323833656438653539386231363733316433383261376137313635373236393138383438633764
63306632316264363066643362396634393336636636326437623862656161333832643565333132
64333636613437613833353061333761653534313837613264376430333033626661616439316161
38666361313334333762353164666536353136303364383933386132623961336430616661636333
39363262616132326265636663633834353965623833376538333932333631633363613163613266
61613562643234353064666230336337636561396564353465616631333961383831623965346537
32383064373632363136313764653262663832333362663061633130353738383134656362366263
35386436656265353530366237646431326137303534323033336166636330306537356565636532
64626464626135353239363437653437303035356237633230333639376639646135306435623036
39373666666666623562663763383333306436336336363333383837643236633461323839666465
61653965333663363465376335303461663864643132396139363431313963313335323833633833
36323866363062613839626461343133323234376436366536383633303535333166613133353832
33626537353334663664623166646338323036623864653365653237623466323032313139326239
66303933663934323366316633383737646665333264306235343332316663366166653539373535
35393335393732343134366263383164616637643030636266363561393134303463306336653133
32373661663636623463613664366130346262356334613362663964356137633234353163343333
39643032666436313039313936336431646630313437366435356538626663656365353730393364
32313962363931626339613438336265333932643934623634653437386364303362303437353731
30306539636533363630373131383131306234393462653063356438383338633638366138343066
61333436356339356539366530653464623136303038623032393336643133316133653837366539
31326335356465643761316366353633316134313539646139643832373937323462333066656362
30386562396134666661306633613264636265343866353130373037633539616631663332656363
35613534343834366364636132643635313139623764356164366130346261306432613532323937
38666264383335653666316232636262313738313731353365633237613764613532663239633961
31376634633332633331353138316335313934373565636534633163383563656535666233666432
34613138333336643838326335383266633933383131333163383735336538653938383030386238
39323234613062363166623732323262386664363031333834633134663531313132643234366630
61356533613831623937613961613662363536643731616266373734646238643938666331363966
63333566623266346232363135333363333335363162376336333038663163656661613137633831
37373636326363316333336366353332633938376531653331306133633231646330656665636464
64353332323130663438333132663436666436356630656564373035653937653531363139656532
63323265663165383137386264333232323236663334386239623135313065356562393664323764
32633330376435386234323162633238363064393537363261323930313737346161646561376631
62393965396238656431396466306262616235343632373535656134303462653534643331363933
66373363383863623431336366663466613862626263613061323936383634363034376262623865
38333533636530303865343339366639323935373233313833336164666332613738323132306334
32373132306264613662343636366534623737343338323465326138316261616139333233346563
61636562313461653238643630333934626162663863333236303135313737656637396432616330
39326631656630333432643265386164393236386636386235393039313762623662306331633265
38653337376339393664663932303266643939346637363938333661393561346334386662313561
36323736363431653236376531336136346338633332653036346135363962356237323932363365
33373935333262343131373038353232353430653066353264343865343662383533643338343762
30333063313938613665323864313536313632376535643134363939386462323738316434663863
66306537623163323863623463643236323432303366336332643064363931623336613066343862
64613137316564623966313432366233633139373933646534653532313137333637393363363837
38633464383861303835303866396235356539653931663937326663616561316431383030393737
32353539336163383832316261343931633565396234633066633563373135666464616435373638
64393034643937373830616361633664643665336130323765643134303232373664633166313831
37303233333562393038626165393862326434653266383435343839663761393039623862323963
64316666306465373862646132353965633362643830633930353733323764326333333932393730
37643836626336373635363134393566656538643566663663636264633237653963323332386262
63303939633565303834626266343865616431333934613531363139346166613331643365653261
31353962306161303332323663666661356565383061353332353166613665653864666566373638
66663730613361643131653364383661653765313131623333616635343865666563613239646239
36643264383965613838373036633861633366303134333737316130303866666262623634643335
64343761376134363938623937376331646131303834313237363962366664356665663331663437
38373564633965323034393836656366306139343630656534366466303331373733363231646238
38323035313231373066623735363966633161353934653431316136643733306333316139316335
38336361326664323130333334353036346432383632363631626636313562616564323264316664
37613137303033663563636332646462306637623563346132313136343637326635373639643834
38303334313938613736633231346331323331323634333062336637386335306366383636333232
64643162346166343666326662323731353936326565616438396639376330306563373566653263
65336465333061653561613431633138363639393464623564633466643832393162636632376566
63386137323732646230633736363566333566643636313939613265643738623066326136393532
31336536626434643065373239376435333765333634646463333432306537366139363565363735
37366438383132353832343466393766383933643139626231396635383331343134333535323235
34376463353036323435313461616362326162613661313135613035646237633630303761653430
39656334343531363435373761346532373834333862623937656533363637393137343032323235
62343433386138613064303432313336366563336262356336383565646339313163386631303765
64323663303661383639313735343363373264636263643064633532316136623335303832373037
37653663396434303764376437653561363336343563323061313639316463653261656264356561
34343566663632316363636539633135633139626262656665373931643039643736376631393363
62623262663035613836376362633832636138323135363131303331333938646639356239356430
31363733666439386531373034636134326666656335393763646161336334626535343635306565
65333763363334653232336136313261393731626464616439663866326363333734353731353236
62343964623438393335393236616430613531323566363737336338646363333935373435326664
65663637363838613038656561356666373635633561323366663837393464393061323665386666
30316464333433656533333032636636336538646439633839653837353836623839616137613665
37636464393930623839373964326637646364303339623361623231626630663435303262653165
36656666633930653537346338356134626138346632393633636565666462346166386130313234
34663564663265306165643938623661616261616236353262616537653764656639353034373961
35393364333431646434386162636630616236626430353630306464346164383564333036316134
37303164623534353538623138663438643338613064623036333335323533376561623536366630
37343566323232366135623566623964383133323434313538306364646262316633616338343931
66613236323232656537383139623530636330396661356636333137643938373135623430633637
39383137303161356663663033316361373133373332303663613934363538633535313534383335
31393563633064626364353937643538613238623037336664613865656436653336343736653936
65346133343439363937643631303032313364663865333666353665376130303165343066346664
34643262643836333563323231613235386663643936626336343932393565383230323735643532
39626664633362306330646438653630373465623939613762666363323663346136623862323837
33363136346634353639616533626636316562373435333139393936386530643538313166386635
62653334656662323437633238633535336461623563623066323133396463376561646330336430
35636635343964613962363335316131663130626466353366646365373933666564343661373835
37313962393366663362366630336166376535616538643539656661376333376661666432363861
30666464393935303864363536616633653336663439636362646261396465626430303337623761
64656336616236313662613232646339303862666564383430373531323135303635386265646134
34616565333664396230636234646665653864663133353564613638326436613938643564393031
30663030306166356230316536303438643234616339653133666137356361363464336331643634
35336261333864353266333466363933313930303138663163373765623863663762616139393539
39613063636166303061633039313764623436333964623630306638623866626335313239363064
32653361626433363539333464363030653634623166333439643235326562373031333335386565
37633362376530316236373935653261633862306533356238613166633832363633626333366261
38386531663230383164393737323339313038343766343339363361386430373333383438643033
32643837643261313334343931353032373637616461356531626231303032373837323837363436
34643633623464363132376335356335323062373566336332383261333335306538363733396134
62646236323763663962313631303566353564643663643466616466623966393662383037363638
36323164636535366564383534333937613930646330393964343238346132306634386530653466
38386463636437306135376564633036396338663063356232366330366561343039373863666537
38383464303862333862363238323232386238323831636432643864643738643832623739623737
61333738663730323531303564346639356337396265626536663831626533636230653630313064
39373339393265386237613835333963323665633632613232346639636534303030383565666138
65666236373366343930646163636466316538396338363339336463303731303666653263623665
62363638376361633030333539623865663263313932626137306233363666633362333664656162
36316637643336663263636631663965303563616337633233373863393863363538363963653365
38383232333764313533623166373836353265613635633434633964646233663565393731313131
30636461313637316130306664613638316432613863393633353334353763343134383064386135
66373435626566303833633939643736343233366530393632646464353061383035656334366637
37343230366138633636356362366530663533623738343439363061343331323066313562333735
30346433386235336562663030653437323366303535313036666435323865316235623433623131
39346438313238353739626136653863613464386538656136643033623131666638393937626433
64613130666566333438383136646437353930653531663835346539363831323237346133643132
37363735306438313863333134386237353535613236333138383465343536353336633330373638
35636164303230396166333064616262393666383234613831316433383832346437346366376239
39643734663166306332613064633761303963323832346166386637646561393266356638376364
38656365396332333830326439623639336338393234303463666464646135353262303731393162
37346632353330306362663234396438353638636631663663326639396433333033653662343036
62633264363961356333383831366664356137633236306334303531636436383733303133396566
64656532653163333838313964656634633130326336616235616662353333636465333430623466
32356230613666613038343834633539383963303539623530663135623632343065616663363639
33383038626338373534653932346131646563646235616463393064633539623230663839356162
38366431396233303236643266306132633735313764333639613633623762323362386561633266
38396532353833613537343664393937633466363930636135653162346262343535383530666663
31383337613831623630303063333535363461383534313632663039666135646461633330373637
31326230366236626531363962363431643731643266643539306538393638616265323936366131
35386438396235663764663836626563326337383130306264313863613163313732313166386262
63663234666662626363323165613161396438366234306563636431323732316166383934373033
30646665636437396631396138313766663764626631633265396334666364336564313061633963
32323030356434396532363039666435366639656539653539633235663734356239396537356630
36653361346361383265336436376632323637636334393634376236623737663832363030366565
34616134336366343364336339623365613230336437663635623333333663313561636565323635
63646666656266366331306234316464313532636566313137343732626135313431636464626131
38333861373165363037393261343235643665336534306466306261663434393431323033373532
65313337363363316138376465366633616132663565643130396664326463363939356634356639
62666138643032303032623137353636643966633662663336333039313537393233316336613765
33306238626431323039636563363438613036363161376339363963346338393161653632373338
36663261663463633036386163613565306532356437656561356137326133653466373834656138
37643865616236393536343762323235363230646232323134626166613564363734666337613566
38646363656462626131623762373964366434623336613566653532336366656162663262633238
38616532393735616165623061623733366266373964653665326666626266636431353834336235
3361373235636162393465656538313531653236663031396536
