$ANSIBLE_VAULT;1.1;AES256
63316264656636356538643132316536323531633034333539666263373039373533373861613965
3031313063643561663061376137333666316538663561390a316533303535366132306539643330
65333330666530643235336437336239386566373139303037376135623664396664303230613961
6362326434343137610a616663366530356639306264363561343635623863666330373930383739
32653430373362383932646663383136343131663964386634343264643765613633643436386465
62343663363434333864616535386239363262626564336433343761653032343133333135373865
62353639643839333132333935653830326537323663396632336232336631643334326331663732
36356433383830356664366233313430653363366537346331303462393831323437326330376666
35623237653432626663306633623064383331333836323833636534323239333762633638366463
33383532643237326230336632396437373335343864373135623139336530336238653864613465
61343766313336313533343762363532333236303961313133666131316230613435376265303039
36643564313034666130376336373666376430326437343237663138626664646430396139333561
33613137656261376439376164613364663332643232393565356336343437386237643034636266
63316365663062343934666131376263353261313764363433643033616331373330303736393530
62376330353730303230333736613937383237666339366266343132626366306631616332316466
61303337316435333339653337623835383434313632383338396432373334636636353063313665
38323332303330303834303537623538323065363062643465373139386630313435333861313331
66643533626666616633623262313936646264323339376332323464363630633334386234663962
31653864356330343130316431633662643031653032343564666162653131316334663138396135
61343865653637383630646163313865336235373163366164386131613339303237373334386137
63643336626534653862396532326530666362653537313663623832343763313830633166363766
64613235653365643834663264613634306235373337363939306164316262326631613931616335
35626261386137613065623361373331373130373833633234383965373565376436303734323961
37633831343236633739666332626639633233336461646538386334356435626334663864653836
36333936323561373662353564363166343639313936373766633362366164633162323061626464
65383334653738613963633430346338626462313235656364643238316132343565313364663062
66653035623133393734643431313135653265316465626362343861346565376437333933616434
30613961346431303163656335316131363833626638313437646131333137646663613466653165
37373233613734623633613964313739353935333534323061313238613830343334303464353864
63633034643039303461356163333865363666326161623265383231323264633035303238663661
31373231356531626330303139363963633562343364393139366331383837346632613463373937
66306230303735323938346137633364333234353766626664323439333262363735306466376666
66613534343539333639323135353962356534386634346635613631306537393465323363373936
38643239656332323831653335626331316432333666643965633833626334386361373432643739
63623539663934373234353563343163303165363334353361656462316335333665396663623638
31613032613263356163346133383238356133643030616162376337383866346231326265656637
34313633326466303936386266623332663763326333346663313265373763343664353865303934
34646262313434333062396162303865366135356636613334356235303839666132323966383037
32386161616532663236393765383761376239306265643161643936393832303863376638366634
32383838386534303436333065633233656263653032303336323931383238333066326438623337
39336438303738623563336661646464663734613163616132363661356437363864623933373330
38623438306436353935336464323065626439343935353262303132626263636133653930633238
64303763663234323461343336396532396133306231393964366338303366663937303235653632
30313134656537356162323763346131316338626234613739623039373564663637636663346231
62373933373830386638366333386564313733623064333138373130623635616266303231646532
65616261353231313163393735373335373565656535376634333730333630663063343263353362
66373763316430343436393762306632363739346437373039643364363339346664643139313566
38343964333165323337393533383330633565373430346138663334383661626362653339326131
38653032333530323133636462323264346636396265333036343466616434323664343535393830
30633038626162336639383764313331663163336439333833613065333338346431623265623635
64313062663730626436663861663932636637396539393932663365666632623435383035633963
64663732656238303861363366386138366536643261323164393630346363393663306539306133
36393362643437386339333138643866663230396461653438323831356164343461393435346339
64386439333734656466323661326135376335323464646139663766383839366630626636356633
31613133643133623333636339393963326564383830396530323762363365353162636565633065
32393038343863623832343834393635373437316334353230303135663031393830373038643264
30613766383034633734396665343861373163623166303532393836303436393665366663376438
61666566326162353534616337623365666436333161313263613733353834643166363839356439
38616430656136363733326262393263303937636166653862616361306134373735303966346366
66323133373838663161386465386436373135653233366431313535373634653733366134666165
31636434303034313135383837333439633962643862396438356131643363393935343934366237
32363534643230656163376137623639303162616535303933653734373565613034306461383863
34643761333932353764373431333966393861363134613661613839343761646237393239653634
39376632346534323864336164366265613765383435356137356534393537376465336635666434
38323634663337313964656136626339623034376562363631396231353234356632653366346566
30623466333237383334663862366134326131626231346666303962396335373137393237366631
39643663383966323663393134666533626234303435303332373161343162343636636537316233
34396430393630333830623564343763353032383866343539313666613361623930376437343266
66653935656665666163643363666438373139613862653038663833363932343936636139303332
37363535346537376435396631363136313936333230393061356162623334643333336135373831
65393865646639613433373864386431326663306134646635363064636665353163316131626263
66613063373436666562643061393263346465383561366432396439306438633839643332663161
38303534396265363335346466353662343932383965333632646538303334663234653432333339
62356264353934313262613331376530306238333761646439336366653061616262336361363366
35356434663063626530636134383235613830383161336664343763363962663532313365666135
33316131353366353336386230333934633862636130326331353638336264653533306562363534
33363934306230326537323632666166656639333431666666383865376464303831653964633439
63356533623630666363303935343566623932396365656335333564303361343936303638343538
62343634393132666632353932636266386166663163356639623030303761643562313861616138
35393662393563363439616335303831376263653939666631386630356538626232313731353663
39373937643166343136363430376530363862373264356138393233366561386663653738393465
34663237616261346132376636353265326463303739376132336630383932356432663965376264
66366333303165356333356165346337326333626235306130323463343437323965333431653137
39313839336330396533653265646131363337333737333562396565353635336165343461633331
66623135623339623339613834653563366464616662376331666566313237633332316263313337
31373231303033363162383761633164336661316235386264643538636132653162386337626236
63336431393665373463643130626566383336386630663739626334383965343866383338376536
31396166363832623931
