$ANSIBLE_VAULT;1.1;AES256
39343966626335376233323861313032633435633165633362353766376135626463633937313130
3837623238346439393135636537623066383265386630360a356564396564643631353764356337
64346533346436343662613136303733326331303731386563633335363632313035383236646634
6661323036663938660a386539656662363363313964666537663033333263313130373432613562
37663666393633616232663762323030623438653834613565306436316563393237626132666166
31383233333866346166373764306363636434366562626536363361383730616430373836353231
39376439623465656164333338353064333030313266633832643936383530633431316163653233
33343938323438336138633839343963613831613564386337346630663432653065633236363330
31393836613530346562613736613264313534326536343133326635623635643532653132323230
36393338323261313063393263326564646662656161323436363234613563646261663535643031
65613835653061613764623264393266633965333466613566666334666333303738333337316238
36306333616538336332616137393339396338343066313131633763333563396663363665313734
33346530336165633231346532393563626562326462373066366265393665323666323933326466
37336135333433316537626363363562313037383038353261343938386539643335343538353364
37653732386337363263386363323766383137373764373866656563393632396232633437316338
30653238323833393663653838333138316534306233396632376461633434326438383666653165
65376134653132373934633636343534633132306538343831316137616335383730366634643035
33353231396465656637646562383631653465623866363634633631333664343430323965653130
38363435386162363733363635613334346662363132666532643562636364343934336636623030
32383632623265373936346162623562396138653332383564613537353232383764396633343734
64653035626561393239626633336138393865353632663363663130633336363366363935336662
62306338383962623964656163383030336163343132323166383961616363336639383663366535
39363130386230313030343663643966633238643937313431653062386465363665353931323665
35336263373763663562333263346435353765353862613430653431336637373532656464363139
39323132663062636135346462613336323330613530386334633535653032633664623237613834
30343838323066633633666438366365666639326536376531393332366465306364633062383431
37346165653731613931633737396662656532313231616634616464346531636165333333343565
66663461626232323262343934323332393435366139363636663662333332336162646665346236
61383437333363376635383164663062306332316661653062623561336565396632323639303238
32623835663238343063366635373836643466666361626662333038363939626630353732663936
31633932666135343035623836613334376631643135666137346535616239313437646239336666
35643639316463623263356233386562386639343839366638353738633562353333303035636332
35313162326338333764653434643938386134323662626165396239303933376332303138626537
38636364356236623233343039376130376234393932353762643663663461323961616533306538
65616539663936613730306132396135356565653033393338656331353461383066383334613137
36613566643933373734613535623361323530316635646530343030643234366432383339356333
30306664643436303636376433323532616665356638353163356634636364343430383465343436
34346536303536306162376237663835633865393932303662326464353064356464623633396466
66613239366532656662306565643465386661663566653834643038623431393361333663326435
38623963376531356335333636383334643665346463646131393738396237373735313936653565
64363661383364613037646431373936636236363264353662346264386462626562373762306666
63396534663762386564333966633639613831656235626264343262386531646335316532323265
37333039656130303836313863363937353563643237363937356133313564376133656630323434
64323065383564306163333534613030626463363565363333396137323865656664626264376134
34323630663265623462666662656338343734326232363733626639633432626534313730373061
31346430626134613038616664353536373832303633313930383732663638666263626163666130
62363033363034343439666561333361663035393963366535616333613165363563643430353432
64356263316539333336613935653730363331656365663135386363666139656639396532356136
38343332653939306363316162343465653234626633303037663736313536393866343137633936
64663530336637613662323036333166616637363831336437316166646537303931663338393863
38323733383330333239353130356364643464343135393265386138323665366633656461333961
64643036383661333937623736613035313237313339656230653361643039366238646137353631
64663130373137326561643839333565326161623234366533663637336565396335363935326362
34346366653861653334313363316162623431643434633432333062663463353861353331336635
65613434626136353762643633343063653836636230666433313933396636646362386137386431
31343433356437306334656664366332343961356230383730306234366566383433623636363038
63323333343034623363613066373763633831353166666439626233646661303633666536393665
34636335363764346232326337623638303539326662646263313162663730366637313161633338
63323461623633396332383539313366316536616235326538303964353135306537316430613031
61316137623433616463366136346465643330623236653562303432626430663939363963623134
62636662303036353239373334366230323266316138663437626162316338633634636561623134
38323537333762316431366162363364346237366561353538303136363462343438373463633530
65363438653933363631316365626663646438626637303365333838616132643231623738616230
66666333376633323662333161393735626532316633643963626361613035353138376562666364
36343131663239613636616530326464393839313630663166656366343739393162376137653663
65333138393236373337633438343864636262366133613036386531363462663034323338363862
38396431653938653664666466633338346335653261336134316636356466633638316634386338
34623533313930623630383035343962316531326362663164353137363061313435323639313161
33393737313132373664393431626235643037616461646430303663616565386532653232373463
62393330663866356536346133386463353136623363623234363061306431393961333265346161
34363332396433623131346431323063623466323234613563376136633438346661396436396461
37643037373339393038333837373832336336323433326665626661643062306161623663393466
62636331303232333338666130666339386335303465363163666361626236313730373235643637
63373933326263336631363564396332383434636631653530303036643961356162343063326366
62356461353534353138393961623938326439373866396563323531646166613538376434343630
65343334316239623764386533343939306235633236333937613161643637623264333232653936
31353063386332393439623763356430663331303937316265376365643639383537366533363666
64643231666237613735303939386230306538306435336634386130613635313537353663343335
63313338363030313832666561656637333038643464343463383031383762653164373861323733
39613665376531333532333462306638353035326138336431316338396233646432353930373662
65633839333536363833623837376437333062626361326431656534633534663261656531653239
62303637653938313966363162653930303861626138393735616337643662633236363036363061
37646432623266316266366135383735326530363761336265326365663137346239386464343236
32333931636238616134396435343036333666636164633861636136383361616430383232633965
62363331323866383732366165396239393736316231653732393966386133643061336163373330
31393834633162666537393363663434313731623761623666653131313262303961366631356461
37656331326435313930336562643937343366643733313437313966353362663839313230326663
65653464343736363531
