$ANSIBLE_VAULT;1.1;AES256
31366363383630643762313135613039313330303064393633653930623234343336363531643936
3562336434373432323036386334303966383732353965640a663331653534323533343634623830
30316631313833396631656338396564313839383630663632626238636436316163623633386430
3263306437323432390a643731383965353065653034383632396133616437326664346162633737
39626162643032316461626538313734316433633137373737656566323031333863366337373465
63343334393839303133353034623262663733623234643963386362643036323930326537336632
38343239316363646265326637633463663337303239303637663538333931376630636365333762
62353363366663373135633139636365326566626532663163363636303139373834313461353137
38333930613239636439623464623564313237363136613037623564626336343464653764666566
36383862663239343635663232303562333363313564323535353936616333643536316635303839
36666230653435353563636332306131353466393965613563373433353863656332666461356438
34613835393363633236383439323837393136343434633865343630393863373936373539313136
37646565616437653661343036333361396463613433653036363361656634616634646433386165
65383637376235346264643562613633643264383135343166333037636336373831323130656533
63643330393366346335303935366266396263636537613666613966386230303933353163626563
31323933653933303238316139313432653738636461643862376463666361636665313730356265
33393136383464616638366462346661383233353966316632616365656439343334353032313435
65323530656630636134383130663762333538346265643532616632663834653433383836393633
32346233393262666432373765313266366434643632633165383531613037376131386238383338
61336365636665326561313561656539613731396533306134313438646264653366306139356562
63376166633735343663363438646338393038663630616633393363643561383566346236346663
37376333326436346537643430326432393439633464313734666638396537613265376338363163
65386437623336333462366332373536386365393864623766303737313339306132613030613436
34363337653565616633303837326265333763363834316635306231303437353761613732396133
61623937333234623537393933613933346432396338396237323765623166613063393938653936
33396639346235346339653065663935633230336534356136656339363064353731653564353262
37343136336661316638613036326261393033386138336633383266303437363761386630613430
32336433623132306461653830366636346239613465326333656339393639663261326433666633
35323231623461646130303235623836356164343862356561326533323262626339656537626632
32303466646333366335313930623538616335646265623264376336343634326633653630613165
35343765303936313964333265346561313536366236393661623635393364313132346333616265
34336530356235303033396564323238613165313538373562376538623765396431353731643164
35633936616338356662386337613035336237663838363730303433623562383434386439396139
33633263393634643762643639373835656538646233333534353838336365376562306661323563
64363032333033383064303434306535306664623530366561366462623434346436316332626631
31376630356633383236363332323364313262343630353537386561336266323631333364326532
64316562356461613066313466613065633961353434666134643364373236623834366163666633
64353362353437336631393862323231656366623637643364373136396566386666316330363531
62646533326436623039383435383739623061386462636531333530366337336165363162326539
38333661613131626534323433323662653361663862306134663264376138343230386230313864
66366235633865366366346131393933633538333266626666343432313532633032623335363034
36623164336333663732353462663165663061613337373864306561373863303761323131303439
61636464373562386663316530653066376364616533353061633437653661623362613432636136
64623335633339333966383831343864323034643836356233393166396130333261613734353834
63343062356639383734393762336635663337663831333364346261323265346464313361666166
36343566366434616364373533633234346138613463373637346261663537373765363465353364
37623835646532356632303162643338303433633766663961353537326133663833343564343838
38396561366438323361656632393336313535316437313061326630376166343433636136343439
64313430613238306336376664376165363465396234353866373234656366663938613730663338
30333732316162356238656232613632613564623034343837643335613938343637313464343837
66653239306264326562303639393764333131653262363364653364343961373438393735326231
64303930303936373439376662306437393035323362613335346235363961386539623561653363
62626365643663356164643565373766613737646565383433383664623266656634376434653061
32643036666533343061663433393661323830396630643937363065363632646632623665356132
32333833373839333338393864306338626538623736323930353538396132356463373832313564
37376538396338383639666437633330303430356264336265343565303733306635346437663531
64623065396363323664333665313836643438663262393666636662656431363330303330663361
61313833393437303164613739383734656531373534326433336164613839613230386336663466
30326162666130386239383461396664336363353866646437643234383232646133346331303333
32386639666462343461323238333135666634313139333134663839353566666431363436393335
34646532343662343464363361343738353431623936316566383961643464353031346638363734
32333961643837376632653539343333353237626635633764393037636633323534326637643530
62623732396433396439333965363531626365353532646161376337666339303935336536616265
66396563623163393731326334376161356239396632366238633735333739363264313836303434
33346430366231643830353834663966343538336464663663623063323436376531346263386663
33663034643330326461393861386436383735313736666537333561653963616363643232626463
62366565313732613430653137373731346561343737303738626666613366396238333766616233
64363638393037633533616434313038363863343930366233626636396535393364386639623538
34313262333261666462373537323865396333626365313034366562333138383836356265613832
37646431316437653932343032373733656232343433326533623530666133653766636363303262
64653333663037373539636635626637313137353939653737336130666636613162376435653630
61656431386661356330306131643431303362663864633136353833356631656537633561343763
31336635633130396234643266376361313766353662376435666235363733376634343966386434
66373837363062356630306135373236373038343665333838653461326563326130613435653563
61396339306533643538626636633030383633386666643033393935653631613666383163313735
32613664323334396332383333646636626631313061633261623462653239316336383230643161
66306136306464326334366539383962323763656330343661613439303465363139366438656236
61633639653466643666653734386636326661313463623236653661643437323063363036636462
61623061623037353831373638323130333839383733363632636535633031306631396436373761
39396262616531646264383336323338613866656436313463333838363336326164343562376135
66383264343539396166646464313831623263393266383033396336663932323034343565623061
61636135643765353861326639656361623635303366383133383830363433343731383038633261
61353730316462656635643463616466376435303033303333386334626531336234666432303930
36613736663437633838343334396363346538306363666330663166623264356666616363336565
31383064303964616464353834626139303935366439633430313563333837326432643461323239
39303537386364653164323763376639313633393938623135393866333530656138336330613234
37383832636266303133666632386238633234336231303563626333353764656330646332346435
30643935636433636132
